100
1010.78
1020.58
1020.69
1010.76
1020.15
1010.44
1010.31
1000.81
1000.34
1000.63
1010.40
1010.89
1020.02
1010.98
1010.87
1020.38
1020.69
1020.83
1020.46
1020.90
1020.13
1020.94
1030.79
1030.39
1030.71
1040.29
1040.18
1030.51
1030.63
1030.23
1030.24
1030.27
1030.78
1030.45
1030.46
1040.38
1040.94
1040.40
1040.91
1050.83
1060.79
1060.69
1060.51
1060.07
1050.37
1040.48
1040.69
1040.52
1040.08
1030.83
1040.32
1040.55
1040.81
1030.96
1030.80
1040.22
1040.40
1040.82
1050.47
1050.52
1050.60
1060.56
1070.48
1070.21
1070.99
1080.27
1070.32
1060.61
1070.10
1080.03
1080.75
1090.07
1090.35
1090.50
1090.70
1090.81
1090.04
1080.06
1070.23
1060.89
1060.09
1050.95
1060.11
1050.38
1040.72
1050.21
1040.60
1030.93
1030.55
1020.86
1030.20
1020.40
1020.39
1010.73
1020.59
1010.76
1010.69
1020.33
1010.39
1010.23
1000.35
990.95
990.78
1000.03
990.70
990.39
1000.38
1000.91
990.92
1000.33
1010.17
1010.05
1010.19
1010.93
1020.43
1020.08
1010.80
1020.67
1020.03
1010.82
1010.98
1010.97
1020.26
1020.11
1020.94
1020.36
1020.06
1020.84
1020.57
1020.54
1020.68
1020.85
1030.69
1040.03
1040.98
1040.99
1050.30
1060.06
1050.22
1050.39
1050.41
1060.10
1050.77
1050.29
1040.72
1050.62
1060.14
1060.75
1070.38
1070.85
1070.11
1070.20
1070.95
1080.09
1080.64
1080.96
1090.83
1090.40
1100.10
1090.25
1090.22
1080.73
1080.62
1070.95
1070.73
1080.39
1090.32
1090.90
1100.03
1100.79
1100.83
1110.58
1100.74
1100.72
1100.60
1110.18
1110.83
1110.33
1110.11
1100.44
1100.12
1090.81
1090.68
1090.81
1090.85
1100.59
1100.91
1100.04
1110.04
1110.88
1110.31
1110.25
1110.62
1100.69
1110.58
1100.72
1090.83
1080.98
1080.46
1080.15
1080.56
1090.50
1080.74
1080.70
1080.43
1080.54
1070.96
1070.81
1080.21
1070.53
1060.94
1070.69
1060.74
1060.50
1050.58
1060.42
1050.64
1050.55
1050.52
1040.81
1040.77
1040.85
1040.55
1030.58
1040.19
1050.18
1050.33
1040.86